
// 12 Vehicles
private _vehicles = [
["FIR_Su25SM3_Enemy", [7264.74, 6936.67, 5.46736], [-0.872184, 0.489178, 0], [0, 0, 1], true],
["FIR_Su25SM3_Blank", [7261.98, 6953.38, 5.46736], [-0.931837, 0.362877, 0], [0, 0, 1], true],
["EA18G_141CAG", [7259.39, 6971.17, 4.7996], [-0.933926, 0.357466, 0], [0, 0, 1], true],
["FIR_F15C_FL", [7255.62, 6987.82, 4.90164], [-0.957675, 0.287853, 0], [0, 0, 1], true],
["FIR_F15SE_Reaper", [7252.98, 7003.7, 4.83966], [-0.988069, 0.154013, 0], [0, 0, 1], true],
["FIR_F2A_60Ani", [7248.52, 7017.88, 4.49344], [-0.987419, 0.158126, 0], [0, 0, 1], true],
["FIR_F22_Blank", [7245.71, 7034.43, 4.30187], [-0.971495, 0.237059, 0], [0, 0, 1], true],
["FIR_F23A_AV", [7242.01, 7051.16, 4.91482], [-0.997149, 0.0754607, 0], [0, 0, 1], true],
["FIR_F15K", [7236.42, 6993.57, 4.88856], [0, 1, 0], [0, 0, 1], true],
["FIR_F2B", [7235.83, 7016.45, 4.49728], [0, 1, 0], [0, 0, 1], true],
["FIR_F15D", [7270.22, 6992.96, 4.88855], [-0.96304, 0.269358, 0], [0, 0, 1], true],
["FIR_F15DJ", [7268.48, 7009.78, 4.88855], [-0.944802, 0.32764, 0], [0, 0, 1], true]
];